         0
         0
         0
         0
         0
         0
         0
         0
         0
         0
         0
         0
         0
        17
       445
       767
       260
       212
       245
       219
       211
       213
       218
       198
       228
       183
       195
       171
       227
       178
       192
       180
       164
       208
       188
       198
       185
       242
       234
       247
       233
       256
       242
       301
       275
       281
       285
       298
       294
       298
       292
       337
       342
       315
       331
       376
       325
       337
       382
       361
       361
       335
       360
       336
       349
       332
       348
       324
       351
       356
       315
       328
       338
       311
       330
       298
       301
       302
       304
       318
       294
       284
       293
       244
       281
       278
       262
       263
       260
       251
       218
       222
       230
       210
       262
       259
       201
       225
       192
       220
       200
       191
       194
       195
       171
       197
       181
       203
       173
       170
       180
       172
       174
       156
       140
       166
       133
       132
       164
       145
       139
       121
       214
       183
       185
       114
       130
       129
       130
       133
       116
       109
       117
       106
       113
       104
       117
       104
        97
       104
       103
       118
       100
       100
       111
        82
        93
        86
        82
        91
       103
       173
        93
        83
        78
        81
        70
        70
        73
        65
        93
        75
        68
        74
        65
        52
        68
        69
        82
        61
        68
        63
        62
        67
        56
        59
        50
        69
        70
       141
       143
        58
        55
        49
        36
        59
        55
        49
        49
        55
        66
        50
        41
        48
        52
        43
        61
        48
        46
        47
        48
        36
        41
        39
        44
        48
        48
        49
        55
        51
        43
        46
        44
        45
        35
        42
        41
        39
        44
        45
        29
        30
        30
        33
        40
        27
        26
        31
        40
        44
        25
        36
        30
        30
        42
        23
        31
        31
        37
        38
        31
        34
        28
        32
        30
        26
        34
        31
        27
        30
        24
        22
        28
        25
        36
        25
        18
        32
        28
        28
        44
        28
        31
        32
        21
        20
        31
        29
        32
        26
        32
        26
        28
        25
        24
        20
        22
        28
        18
        23
        33
        21
        21
        29
        26
        17
        21
        28
        24
        24
        17
        22
        28
        20
        22
        22
        20
        45
        33
        22
        19
        23
        18
        22
        28
        22
        16
        12
        16
        23
        63
       146
        12
        17
        18
        16
        20
        27
        25
        23
        16
        17
        19
        13
        11
        10
        13
        11
        16
        12
        11
        12
        11
        13
        31
        23
        11
        42
        35
        26
        19
        17
        24
        15
        11
        12
        11
        16
         9
         5
        17
        14
        15
        17
        14
        26
        17
        20
        10
        22
        11
        22
        17
        16
        24
         4
        15
        12
        18
        12
        12
        19
        14
         7
        15
        15
        16
        12
        22
        12
        17
         9
        12
        12
        12
        17
        15
        10
        23
        13
        15
        13
        28
        19
         6
        15
         8
        11
        14
        12
        15
        21
        19
        10
        15
        17
        16
         8
        14
        13
        12
        10
        11
        11
         8
         8
         9
        14
         7
        10
        13
         5
        13
        16
         9
        10
        16
        20
        12
        11
        12
        12
        14
        18
         9
        12
        14
        10
         8
        18
        11
         2
         9
         4
        13
         9
        15
         7
        11
         8
         8
        14
         4
        11
        11
        12
        13
        11
        11
         9
        15
        10
         6
        10
         7
        31
        17
         8
         4
         8
         7
        12
         5
        11
        10
         8
        11
        13
        13
        11
        11
         7
        15
         9
         8
        13
         7
        10
         3
         4
        11
        10
        13
        22
        11
        32
        13
        12
         7
         5
         6
         9
         8
         9
        10
         2
         5
         6
         4
         9
         7
        16
        15
         5
         6
         4
         4
         6
         8
        12
        11
         7
        12
         8
         9
         7
         7
         9
        13
         7
         8
        13
         7
         4
        10
         8
        13
        11
         3
         8
         5
         8
         5
         8
         6
        12
         7
         7
         8
         6
         8
         7
        11
         6
        11
        10
         7
        10
         4
        12
         8
         8
        10
         9
         6
        10
         2
        13
         8
         9
        10
        13
        32
        29
         6
         8
         8
        11
         9
         3
        12
         7
         6
         3
         7
         8
         7
         7
         3
         3
         8
        11
        10
        10
         3
         9
         9
         9
         8
         6
         7
        10
         7
         9
        15
         5
         6
         9
        12
         9
         9
         9
         9
        11
        12
         6
         7
        10
         8
        12
         6
        13
         9
         7
         9
         7
         5
        10
        11
         4
        10
         1
        13
        15
         5
         5
        10
         7
         7
         6
         6
        12
         8
         8
         4
         8
         5
         5
         5
         9
         4
         4
        13
        10
         8
         7
         5
         4
         4
         7
         2
         9
         6
         6
         5
         5
         8
         7
         4
         6
         3
         0
         3
         3
         4
         7
         4
         3
         2
         3
         5
         9
         6
         2
         3
         5
         2
         4
         5
         3
         9
         4
         4
         3
         0
         3
         2
         2
         3
         4
         5
         2
         2
         5
         9
         6
         1
         3
         2
         3
         4
         5
         2
         4
         2
         8
         7
         8
         4
         5
         7
         8
         1
         5
         3
         2
         2
         1
         5
         4
         6
         2
         5
         1
         4
         0
         4
         3
         4
         1
         3
         4
         5
         0
         3
         7
        39
       136
        64
         4
         1
         1
         5
         4
         5
         1
         3
         2
         1
         2
         3
         2
         2
         4
         1
         2
         1
         0
         1
         2
         1
         0
         8
         1
         4
         3
         2
         0
         3
         4
         3
         0
         2
         0
         1
         4
         3
         2
         0
         4
         3
         1
         0
         2
         2
         2
         3
         2
         5
         6
         0
         1
         1
         3
         2
         3
         0
         3
         3
         1
         2
         3
         3
         4
         6
         9
         2
         2
         1
         3
         4
         2
         4
         2
         0
         1
         0
         3
         1
         2
         2
         0
         2
         0
         0
         2
         4
         0
         3
         2
         0
         1
         2
         2
         0
         2
         4
         1
         0
         1
         2
         4
         0
         0
         0
         1
         4
         2
         2
         1
         1
         3
         1
         2
         3
         2
         1
         2
         1
         5
         1
         1
         2
         0
         1
         1
         2
         0
         2
         2
         1
         1
         4
         0
         6
         4
         5
         3
         0
         1
         0
         2
         3
         1
         2
         1
         0
         2
         1
         2
         1
         2
        13
        10
         9
         1
         1
         0
         2
         1
         0
         2
         0
         1
         2
         0
         2
         0
         1
         1
         2
         3
         1
         2
         0
         1
         2
         1
         0
         1
         0
         4
         1
         1
         1
         0
         0
         1
         1
         3
         0
         0
         2
         0
         0
         3
         5
         1
         0
         0
         2
         1
         2
         0
         3
         1
         1
         1
         0
         1
         2
         3
         2
         1
         2
         1
         2
         1
         0
         1
         2
         0
         1
         1
         1
         0
         0
         1
         1
         0
         0
         2
         1
         1
         1
         1
         0
         4
         1
         3
         0
         1
         1
         1
         0
         0
         0
         2
         0
         1
         0
         1
         0
         2
         0
         0
         1
         1
         1
         2
         1
         0
         0
         2
         0
         0
         0
         1
         2
         1
         0
         0
         0
         0
