C:\Documents and Settings\Alumnos\Escritorio\luis_abalo\Cs137-6mmAl.txt

DATE:
30/4/2021
TIME:
3.9 300.1
DATA:
0 1024
         0
         0
         0
         0
         0
         0
         0
         0
         0
         0
         0
         0
         0
        10
       319
       952
       547
       520
       487
       484
       448
       471
       438
       441
       455
       409
       423
       431
       421
       399
       437
       429
       420
       434
       400
       447
       425
       421
       426
       504
       451
       478
       482
       444
       494
       504
       512
       487
       492
       509
       522
       548
       516
       549
       504
       554
       522
       542
       573
       524
       623
       586
       557
       611
       577
       571
       593
       575
       595
       594
       520
       608
       613
       545
       566
       540
       522
       553
       588
       507
       551
       497
       496
       547
       555
       525
       480
       499
       522
       487
       503
       502
       512
       528
       532
       564
       594
       566
       573
       585
       565
       540
       539
       519
       488
       506
       488
       472
       419
       399
       453
       395
       447
       406
       392
       437
       410
       380
       381
       383
       356
       390
       429
       375
       346
       340
       309
       315
       329
       326
       314
       321
       324
       321
       345
       271
       265
       281
       298
       301
       303
       297
       279
       283
       283
       262
       270
       249
       260
       255
       280
       311
       264
       268
       268
       235
       258
       269
       244
       217
       240
       255
       220
       232
       242
       247
       246
       215
       245
       240
       250
       240
       259
       255
       247
       248
       217
       234
       232
       279
       308
       222
       236
       218
       203
       213
       234
       251
       216
       193
       215
       207
       238
       219
       215
       212
       191
       232
       229
       231
       225
       237
       215
       244
       209
       220
       227
       217
       224
       215
       214
       231
       239
       222
       230
       218
       246
       190
       216
       231
       250
       256
       237
       227
       231
       240
       230
       240
       263
       249
       243
       265
       226
       248
       283
       260
       261
       267
       251
       255
       276
       247
       223
       208
       218
       184
       181
       150
       166
       185
       156
       132
       142
       135
       143
       127
       140
       123
       110
       119
       123
       137
       107
       109
       119
       108
       101
       120
       126
        98
        97
        99
        98
        79
        98
        92
        83
        92
        88
        74
        78
        72
        72
        78
        71
        83
        72
        81
        62
        78
        68
        51
        57
        57
        68
        64
        63
        69
        60
        64
        55
        65
        50
        71
        54
        43
        50
        53
        53
        59
        79
       161
        45
        60
        60
        47
        60
        43
        61
        55
        61
        50
        53
        53
        40
        40
        46
        57
        55
        46
        52
        44
        53
        49
        44
        68
       179
      3999
      5580
       121
        25
        24
        12
        20
        11
        17
        26
        14
        11
        12
        19
        18
        18
        10
        14
        10
        16
        13
        12
        21
        14
        13
        12
        12
        14
        12
        16
        15
        11
        12
        16
        20
        17
        12
        10
         8
        13
        17
        12
        13
        16
        16
        12
         8
        13
        15
        16
        17
        14
        14
        20
        10
        23
        21
        17
        14
        18
        14
        16
        12
        13
        15
        15
        10
        10
        10
        11
        10
        18
        13
         6
        13
        11
        11
         8
        13
         8
        11
         6
        10
        16
        12
        13
         8
         8
        11
        11
        19
        13
        12
         8
        18
        13
        16
        14
        13
        10
         9
        18
        14
        10
        14
        15
        14
         7
        11
        10
        11
        10
         9
        12
         8
         7
        16
        12
        12
         9
         9
        13
        10
         9
         8
        14
        12
         7
        28
        24
        14
        11
         7
         5
        10
        12
         8
        14
        11
         9
        18
         9
         9
        13
        11
         7
        10
        11
        11
        10
         6
         7
        10
         7
        10
        11
        14
        10
        17
        16
         9
         8
         7
         8
         8
         7
         9
        14
         8
        10
         6
         3
         9
        14
         7
        10
         3
         5
         8
        12
         9
        13
        10
        11
         8
         6
         7
         8
         8
         8
         5
        11
        10
         6
        14
         6
         9
         7
         9
         7
        10
         8
        12
         8
         3
        10
         9
         7
         7
         6
        12
         8
         9
        11
        11
         9
         6
         8
         8
         8
         8
         2
         9
         8
         7
         4
         7
        10
        12
         6
         7
         7
        12
         7
         8
        31
        34
         7
         4
         8
         9
         7
         6
        10
        13
         8
         9
        10
        13
         9
         8
         6
        10
         5
         9
         7
         6
        11
         3
         9
         9
         5
        14
         8
        12
         8
         6
         4
        11
         5
         6
        10
         8
         6
         5
        11
         7
         9
        10
         7
        10
        15
        12
        10
         8
         9
         9
         8
         9
        11
        12
         7
         9
         9
        15
         8
        17
        10
        11
         3
         8
         9
         5
         7
         5
         6
         6
         5
         2
         6
         7
         2
         3
         6
         9
         5
         4
         3
         6
         6
         7
         6
         8
         5
         7
         1
         7
         4
         3
         4
         9
         6
         4
         7
         2
         3
         7
         4
         4
         8
         4
         2
         7
         4
         2
         2
         5
         3
         2
         4
         4
         6
         6
         4
         4
         5
         4
         4
         4
         5
         3
         0
         5
         1
         5
         2
         2
         5
         7
         1
         1
         1
         3
         1
         4
         6
         3
         2
         3
         2
         5
         4
         2
         9
         4
         2
         3
         1
         4
         1
         4
         3
         1
         2
         3
         6
         6
         6
         6
         0
         5
         2
         2
         5
         6
         4
         1
         6
         3
        26
       127
        78
         5
         1
         3
         2
         3
         3
         5
         0
         3
         3
         1
         1
         3
         2
         1
         3
         2
         6
         2
         3
         2
         4
         1
         5
         5
         2
         2
         1
         3
         2
         5
         1
         4
         2
         4
         0
         2
         1
         2
         5
         4
         0
         0
         3
         2
         3
         0
         4
         3
         2
         2
         3
         1
         1
         1
         2
         1
         2
         1
         3
         8
         3
         2
         3
         4
         4
         3
         3
         0
         0
         2
         1
         0
         2
         0
         4
         1
         1
         2
         0
         0
         3
         2
         1
         0
         2
         3
         2
         2
         1
         1
         0
         3
         1
         0
         2
         2
         0
         0
         2
         0
         8
         4
         0
         1
         1
         1
         1
         0
         1
         0
         1
         2
         2
         4
         0
         1
         0
         1
         2
         0
         1
         0
         2
         2
         1
         0
         0
         0
         3
         0
         1
         1
         1
         0
         1
         5
         4
         1
         2
         0
         0
         2
         1
         2
         2
         0
         1
         1
         3
         0
         0
         3
         4
        24
        11
         2
         1
         1
         0
         2
         0
         1
         0
         1
         3
         0
         0
         0
         0
         2
         0
         0
         1
         0
         0
         2
         2
         1
         1
         0
         1
         0
         1
         3
         0
         0
         0
         2
         1
         1
         3
         2
         0
         1
         0
         2
         5
         1
         0
         1
         1
         0
         0
         1
         0
         0
         0
         1
         1
         3
         1
         1
         0
         1
         0
         5
         0
         0
         1
         1
         1
         0
         1
         2
         1
         1
         2
         0
         3
         0
         0
         0
         0
         0
         1
         2
         0
         2
         1
         1
         1
         1
         2
         1
         1
         1
         3
         0
         0
         1
         0
         2
         0
         0
         1
         1
         0
         0
         1
         1
         1
         2
         1
         0
         0
         0
         0
         1
         2
         1
         0
         1
         0
         0
