C:\Documents and Settings\Alumnos\Escritorio\luis_abalo\Cs137-4mmAl.txt

DATE:
30/4/2021
TIME:
3.7 300.1
DATA:
0 1024
         0
         0
         0
         0
         0
         0
         0
         0
         0
         0
         0
         0
         0
        30
       374
       908
       557
       528
       513
       494
       476
       546
       457
       494
       429
       448
       451
       461
       446
       432
       440
       448
       380
       443
       447
       419
       461
       417
       437
       437
       469
       475
       449
       452
       481
       480
       475
       521
       541
       527
       495
       568
       559
       514
       593
       576
       533
       539
       579
       540
       569
       614
       615
       609
       558
       541
       594
       560
       606
       555
       559
       587
       616
       595
       596
       542
       538
       575
       572
       527
       535
       529
       535
       512
       528
       532
       501
       554
       488
       471
       488
       526
       541
       513
       544
       643
       561
       610
       519
       577
       589
       544
       495
       524
       534
       474
       482
       440
       479
       462
       443
       451
       444
       423
       410
       408
       399
       398
       383
       383
       353
       397
       426
       369
       364
       365
       299
       369
       339
       345
       342
       304
       320
       331
       310
       290
       255
       303
       322
       308
       293
       255
       300
       285
       307
       271
       279
       284
       303
       272
       263
       339
       285
       255
       257
       226
       253
       246
       241
       247
       265
       238
       258
       262
       227
       258
       255
       260
       232
       265
       276
       236
       280
       278
       243
       231
       224
       247
       250
       334
       291
       249
       227
       227
       229
       240
       221
       223
       256
       221
       265
       247
       233
       236
       236
       240
       260
       210
       253
       194
       226
       222
       226
       202
       228
       222
       267
       222
       219
       229
       226
       244
       230
       228
       241
       255
       242
       262
       234
       250
       232
       246
       254
       285
       262
       253
       241
       246
       265
       279
       256
       232
       275
       273
       262
       250
       273
       266
       273
       249
       249
       267
       239
       206
       215
       206
       145
       146
       151
       147
       181
       161
       117
       130
       132
       152
       146
       128
       141
       115
       145
       137
       116
       112
       102
       112
       109
       114
       116
        91
        97
        98
        93
        90
        96
        88
        92
        77
        83
        91
        64
        66
        82
        77
        62
        61
        68
        72
        60
        64
        63
        64
        67
        67
        57
        63
        67
        74
        79
        58
        63
        71
        61
        46
        63
        54
        50
        53
        49
        51
        76
       155
        47
        56
        33
        44
        52
        52
        45
        49
        58
        38
        47
        52
        53
        50
        38
        49
        51
        41
        48
        48
        52
        47
        59
        51
       217
      4206
      5837
       118
        14
        17
        15
        16
        15
        13
        12
         9
        13
        18
        12
        14
        10
        23
        10
        20
        11
        23
        10
        17
        14
        14
        13
        18
        13
        11
        18
        10
        14
         9
        13
        11
        19
        11
        14
        13
         9
        20
        13
        16
        16
         7
        10
         8
        14
        13
        13
        10
        11
        13
        11
        18
        28
        13
        22
        12
        17
        16
         4
        11
        13
        10
        12
        15
         9
        12
        14
        11
        10
        10
         8
         5
        12
        15
        10
         9
        17
        10
         7
        10
        11
         6
        12
         9
         7
        12
        13
         7
        10
        18
        10
         8
        12
        10
         6
         8
         9
         7
        13
        12
         8
        17
        10
        13
        12
         8
         9
        10
         6
        13
         8
         6
        13
        12
        12
        13
        10
        11
        14
        15
         9
         9
         7
         8
         5
        14
        16
         8
        10
         6
        10
        11
         8
        11
        13
        11
         5
        14
        10
         6
         8
         8
        11
        14
         8
        11
        11
        12
         8
         6
         6
        11
         7
        10
        12
        23
        11
         7
         8
        10
        11
        10
        10
         8
         9
         7
         9
         7
        10
         9
         7
         7
        11
         7
         8
         5
         5
        13
         7
        10
         8
         6
        12
        10
        10
        12
         7
        11
         6
         8
        15
        10
        13
         7
        13
        10
         9
         4
         8
         6
        14
         8
         3
        10
        11
         7
         7
         5
         9
         6
         9
         6
         9
         8
         3
         8
         8
         9
         8
         4
         9
         9
         9
         7
         4
         9
         4
         5
         5
         7
        12
        12
        26
        23
         8
         3
         9
        19
         8
         6
         9
         6
         9
        11
         7
         8
        10
         9
         5
         8
         9
         6
        11
         5
         4
         8
        10
        17
         7
         8
         6
         3
         5
        10
         8
         7
         8
        10
         8
         5
         8
        12
         7
         9
        14
         9
         7
         9
         6
         8
        11
        13
         5
         9
         7
        14
         3
         9
        11
         9
         5
        14
        12
        13
         9
         3
         2
         5
         5
         9
         6
         4
         2
         4
         6
         3
         7
         4
         4
         6
         2
         5
         5
         4
         6
        10
         5
         4
         6
         7
         4
         6
         7
         3
         6
         5
         6
         5
         3
         5
         4
         7
         6
         2
         3
         9
         4
         7
         3
         7
         2
         6
         2
         4
         2
         5
         5
         1
         1
         2
         2
         2
         4
         2
         5
         5
         1
         1
         4
         2
         3
         4
         6
         2
         5
        11
         6
         4
         4
         5
         2
         7
         4
         4
         2
         4
         2
         3
         3
         4
         8
         9
         2
         0
         1
         3
         2
         3
         6
         1
         1
         4
         1
         1
         8
         1
         2
         6
         3
         1
         1
         0
         5
         3
         3
         7
        22
       134
       102
         4
         3
         2
         4
         0
         1
         2
         3
         1
         1
         3
         2
         3
         3
         1
         0
         4
         7
         0
         3
         0
         0
         2
         2
         6
         1
         1
         3
         1
         1
         4
         4
         7
         4
         2
         2
         1
         2
         0
         1
         2
         0
         1
         4
         2
         1
         3
         1
         0
         3
         1
         0
         0
         3
         1
         1
         0
         1
         2
         0
         0
         6
         1
         1
         2
         2
        10
         1
         2
         1
         2
         0
         0
         1
         5
         2
         2
         2
         0
         2
         3
         2
         3
         2
         2
         3
         3
         0
         0
         1
         3
         0
         1
         3
         2
         3
         1
         0
         0
         1
         0
         0
         1
         3
         1
         2
         1
         1
         0
         0
         1
         0
         2
         0
         3
         1
         2
         0
         1
         1
         1
         1
         1
         1
         2
         0
         1
         1
         2
         1
         0
         0
         1
         1
         1
         0
         3
         2
         2
         2
         1
         0
         2
         2
         0
         1
         1
         0
         1
         0
         0
         2
         2
         6
        22
         7
         2
         2
         0
         0
         0
         2
         2
         1
         1
         2
         0
         0
         1
         1
         0
         3
         0
         1
         0
         0
         1
         1
         2
         0
         1
         2
         3
         1
         2
         1
         1
         1
         2
         1
         2
         1
         1
         1
         1
         0
         2
        11
         3
         1
         0
         0
         1
         2
         0
         0
         0
         3
         0
         3
         0
         1
         1
         0
         0
         0
         2
         0
         1
         0
         0
         1
         1
         0
         1
         2
         1
         0
         0
         1
         0
         1
         1
         2
         0
         0
         1
         3
         1
         4
         3
         1
         1
         1
         0
         2
         2
         1
         0
         0
         0
         0
         1
         0
         0
         1
         4
         1
         1
         0
         0
         0
         1
         3
         1
         0
         0
         3
         1
         0
         0
         0
         0
         1
         0
