C:\Documents and Settings\Alumnos\Escritorio\luis_abalo\Cs137-6mmPb.txt

DATE:
30/4/2021
TIME:
3.9 300.1
DATA:
0 1024
         0
         0
         0
         0
         0
         0
         0
         0
         0
         0
         0
         0
         0
         4
       217
       694
       435
       403
       387
       362
       333
       359
       326
       350
       327
       317
       345
       300
       313
       309
       284
       279
       319
       312
       315
       319
       325
       319
       365
       367
       336
       374
       353
       360
       363
       401
       402
       403
       458
       401
       409
       436
       414
       419
       454
       473
       444
       445
       483
       416
       471
       467
       507
       491
       491
       453
       478
       490
       434
       400
       464
       449
       438
       465
       434
       467
       440
       427
       402
       426
       413
       454
       405
       434
       430
       420
       410
       432
       351
       391
       367
       412
       390
       392
       396
       392
       411
       384
       391
       396
       352
       345
       382
       348
       348
       342
       316
       325
       320
       274
       290
       307
       303
       291
       265
       279
       288
       246
       254
       264
       237
       277
       302
       265
       264
       225
       219
       243
       204
       215
       219
       239
       217
       215
       218
       204
       226
       185
       193
       215
       212
       201
       224
       180
       201
       184
       168
       198
       182
       208
       200
       242
       182
       205
       156
       181
       183
       168
       167
       164
       173
       174
       177
       173
       160
       171
       186
       167
       173
       151
       181
       177
       171
       165
       165
       145
       160
       165
       155
       208
       236
       171
       141
       162
       152
       143
       157
       129
       176
       139
       163
       139
       145
       153
       161
       162
       159
       146
       165
       144
       161
       144
       147
       154
       148
       162
       152
       143
       142
       146
       161
       179
       150
       159
       148
       146
       144
       131
       139
       144
       158
       143
       127
       167
       166
       168
       172
       163
       165
       141
       177
       146
       156
       155
       153
       163
       163
       147
       162
       165
       159
       164
       165
       152
        96
       110
       111
       114
       122
        99
       100
       115
        78
       104
        91
        97
        99
       103
        85
        85
       103
        94
        66
        83
        68
        71
        69
        62
        74
        62
        69
        71
        77
        76
        69
        53
        61
        45
        60
        65
        57
        59
        55
        69
        49
        56
        64
        51
        58
        58
        48
        39
        46
        49
        48
        56
        50
        77
        73
        44
        50
        52
        32
        48
        52
        45
        49
        51
        45
        52
        76
       135
        56
        38
        39
        46
        38
        49
        36
        34
        33
        29
        42
        42
        48
        36
        34
        37
        44
        43
        39
        50
        45
        48
        44
        52
       166
      2515
      3026
        65
        20
        17
        19
        13
        22
         8
        25
        15
        22
         8
        14
         8
        12
         9
        11
        19
        12
        11
        18
        19
         8
        11
        13
        19
         9
        25
        16
        12
        16
        12
        12
        24
        16
        13
        15
        14
        11
        15
        14
        21
        12
        17
        16
         6
        16
        19
        12
        11
        15
        14
        11
        18
        27
        17
        11
        14
        16
        13
        14
        13
        13
        17
        18
         7
        11
        18
        17
         8
         6
         7
        10
        10
        12
        12
         7
        11
        16
         8
        13
        12
         9
        15
        12
         6
         4
        17
        13
        19
        14
        11
        10
         9
        12
        12
         8
        10
        19
        12
         6
        13
        18
        10
         6
         8
        10
        11
        12
         8
         8
        12
        10
        12
        15
         9
         5
         9
        11
        16
        13
         9
         5
        16
         9
         9
         8
        26
        21
        11
        12
         9
         8
         6
        16
        14
         8
        11
        14
        19
        18
        10
         4
        12
         9
         8
         9
         8
        10
         6
        13
        15
         6
        12
        18
        16
        15
        25
         4
         8
         7
         9
         9
         7
        10
         7
         4
        10
         7
         6
        13
         7
         6
         9
         7
         5
         7
         8
         8
         7
        11
         6
         7
        10
        10
         6
         4
         9
         7
         5
         6
         9
        10
         6
         7
         9
         9
         9
         6
        12
         7
        12
         9
         6
         7
         8
         6
        11
         7
        11
         6
         5
         9
         8
         6
        13
         6
         4
         9
        11
         6
         7
         6
        12
         6
         8
         3
         4
         6
         8
         4
         3
        10
        14
        26
        29
        10
         7
        13
         8
         6
         5
         9
         7
         5
         6
        11
         9
        13
        10
        10
         9
         8
         7
         9
         9
         9
        11
         5
         7
         8
        12
         6
        20
         9
         7
        10
         9
         2
         4
        15
         3
         6
        12
         7
         4
         8
         9
         9
        11
         9
        11
        11
        11
        10
         8
         2
         9
         5
        14
        11
         4
         8
         7
         8
        22
        10
         7
         6
         9
        10
         4
        10
         5
         7
         2
         4
         8
         4
         5
         5
         7
         4
         1
         5
         4
        10
         9
         8
         5
         5
         1
         6
         6
         4
         5
         3
         6
         4
         4
         0
         5
         7
         4
         4
         4
         4
         7
         4
         3
         4
         5
         4
         6
         3
         7
         2
         9
         4
         6
         3
         2
         4
         4
         0
         2
         1
         2
         5
         2
         3
         5
         4
         2
         3
         5
         3
         9
         3
         4
         5
         1
         4
         2
         1
         1
         5
         1
         2
         5
         4
         1
         7
         4
         6
         2
         4
         2
         1
         1
         3
         1
         2
         3
         6
         4
         3
         1
         3
         1
         2
         1
         1
         3
         7
         4
         3
         3
        36
       113
        84
         3
         1
         1
         0
         3
         4
         2
         8
         3
         1
         3
         1
         1
         3
         6
         1
         1
         2
         4
         3
         3
         1
         2
         6
         3
         2
         3
         1
         1
         4
         0
         2
         3
         0
         1
         1
         5
         5
         5
         3
         3
         2
         4
         1
         1
         4
         3
         0
         1
         0
         1
         3
         0
         0
         1
         3
         4
         4
         1
         3
         0
         3
         2
         3
         2
         2
         3
         3
         5
         1
         2
         2
         0
         3
         2
         0
         1
         3
         2
         2
         2
         2
         1
         1
         0
         2
         1
         2
         1
         1
         2
         1
         2
         3
         1
         1
         2
         1
         1
         2
         2
         1
         0
         1
         0
         0
         1
         1
         2
         2
         2
         1
         1
         4
         0
         1
         1
         0
         2
         2
         0
         2
         0
         0
         2
         1
         2
         2
         6
         0
         2
         2
         1
         0
         0
         2
         6
         5
         1
         1
         2
         0
         1
         1
         0
         0
         0
         2
         0
         1
         1
         1
         3
         6
        19
        13
         0
         1
         2
         1
         1
         0
         2
         0
         1
         1
         2
         2
         0
         0
         0
         0
         0
         1
         1
         0
         0
         0
         0
         0
         2
         4
         1
         0
         0
         0
         1
         0
         0
         1
         1
         1
         1
         1
         1
         1
         4
         4
         2
         1
         2
         1
         0
         0
         4
         0
         2
         1
         0
         0
         0
         1
         0
         3
         0
         1
         0
         1
         0
         1
         0
         0
         1
         3
         0
         2
         0
         1
         1
         2
         0
         0
         0
         1
         1
         1
         2
         0
         0
         0
         0
         2
         1
         4
         1
         2
         1
         0
         1
         1
         2
         1
         2
         0
         1
         0
         0
         2
         1
         3
         3
         0
         2
         4
         1
         0
         1
         1
         2
         2
         1
         1
         0
         0
         0
