C:\Documents and Settings\Alumnos\Escritorio\luis_abalo\Cs137-8mmPb.txt

DATE:
30/4/2021
TIME:
3.4 300.1
DATA:
0 1024
         0
         0
         0
         0
         0
         0
         0
         0
         0
         0
         0
         0
         0
         8
       332
       730
       370
       365
       355
       336
       322
       292
       299
       304
       295
       291
       270
       293
       320
       266
       294
       273
       260
       321
       316
       319
       323
       310
       299
       324
       341
       330
       337
       348
       330
       361
       334
       399
       390
       396
       399
       435
       406
       429
       384
       413
       468
       419
       411
       476
       467
       444
       418
       409
       409
       404
       430
       483
       467
       461
       412
       439
       452
       440
       393
       404
       394
       399
       402
       432
       421
       409
       387
       411
       357
       352
       369
       360
       391
       346
       365
       354
       335
       353
       375
       389
       369
       378
       356
       329
       341
       346
       298
       329
       321
       310
       328
       282
       282
       279
       277
       285
       283
       249
       252
       234
       256
       253
       253
       234
       251
       265
       315
       243
       245
       211
       239
       179
       217
       201
       201
       192
       168
       187
       205
       193
       191
       179
       215
       200
       184
       183
       198
       182
       176
       174
       165
       190
       180
       161
       222
       236
       141
       157
       152
       162
       159
       170
       150
       164
       135
       155
       166
       148
       142
       165
       141
       150
       164
       172
       150
       152
       155
       156
       139
       154
       146
       130
       136
       171
       205
       133
       117
       131
       114
       140
       123
       128
       149
       136
       105
       137
       120
       127
       140
       142
       142
       146
       132
       146
       135
       142
       132
       142
       137
       116
       116
       118
       140
       129
       113
       123
       142
       120
       155
       148
       139
       131
       138
       145
       121
       139
       129
       143
       152
       155
       103
       129
       135
       145
       123
       133
       140
       125
       126
       150
       154
       139
       127
       134
       153
       122
       108
       131
       120
       115
        84
        88
        90
        90
        79
        89
        79
        69
       102
        76
        72
        67
        77
        55
        95
        91
        72
        66
        85
        68
        76
        52
        47
        68
        60
        62
        57
        57
        65
        56
        42
        42
        54
        42
        52
        54
        60
        47
        45
        53
        43
        47
        50
        45
        47
        40
        45
        48
        43
        37
        39
        70
        62
        40
        43
        38
        55
        49
        43
        37
        39
        43
        31
        40
        77
       163
        51
        39
        46
        46
        38
        40
        34
        32
        48
        31
        38
        52
        45
        45
        33
        42
        46
        30
        42
        34
        31
        41
        41
        36
        96
      1890
      2437
        64
        19
        19
        14
        17
        18
        15
        16
        15
        10
        17
        15
        12
        16
        16
        19
        16
        19
        15
        20
        17
        13
        15
        14
        11
        16
        20
        11
        19
        12
        18
        13
        21
        18
        13
        12
        16
         9
         9
        12
        13
         9
        13
        17
        13
        11
        17
        11
        11
        18
        11
        12
        16
        22
        26
        10
        19
        11
        14
        24
         8
        16
        16
        16
        13
        10
        14
        14
        12
        17
        10
        16
         8
        12
        13
        18
        12
         8
        11
         9
        10
        12
         8
        20
         7
        10
         7
        11
        13
        11
        11
         9
        17
        10
        19
        20
        10
        10
        11
        15
        13
        14
         9
        11
         7
         5
        10
         3
         5
        13
        12
         8
        12
        10
        15
         8
         5
        12
         8
        14
         7
         6
         7
         6
         5
        14
        25
        26
         7
        15
        13
        10
        11
         8
        10
         4
         6
        12
        13
        13
        11
         8
        10
        11
        15
         9
        10
        12
         9
        11
        13
         3
         9
        16
        12
         7
        18
        10
         9
         4
        12
        11
         8
         6
        10
         6
         8
         5
         4
        10
         7
         8
        14
         7
        11
        13
        10
         6
        15
         3
        11
         8
        10
        12
         7
        11
         9
         7
         6
         5
         8
         5
         9
        20
         6
         8
         7
         4
        11
         9
         7
         4
        12
        10
         8
        11
        12
         8
        16
         4
         7
         9
        11
        10
         9
         7
         7
        12
         3
         5
        16
        10
         5
        10
         4
         9
        11
        10
         6
         4
         6
        10
        11
        29
        23
         4
         7
        10
         7
         9
        11
         8
         6
         8
         5
         3
        12
         9
         8
         5
         8
         7
         5
         6
        11
         7
         7
         8
         7
        11
         6
         7
         3
         5
        10
         6
         9
         6
         8
         6
        10
         7
         7
         5
         5
        14
         8
         6
         7
         9
         6
         6
         4
        10
         6
        11
         9
         4
         9
         5
        15
        10
         8
        12
        28
        11
         6
         5
         7
         6
         6
         9
         8
         6
         5
         6
         9
         8
         6
         5
         5
         9
         6
         1
         4
         7
        13
         2
         7
         4
         1
         6
         5
         6
         7
         5
         6
         8
         4
         5
         2
         3
         4
         2
        11
         2
         3
         3
         1
         3
         5
         3
         3
         3
         7
         4
         2
         7
         6
         1
         3
         2
         4
         2
         5
         3
         4
         2
         5
         5
         1
         2
         5
         4
         2
         6
         6
         2
         4
         4
         6
         5
         2
         2
         1
         4
         4
        10
         6
         2
         1
        12
         6
         4
         2
         3
         3
         7
         3
         4
         5
         3
         1
         3
         4
         1
         3
         3
         3
         4
         0
         3
         3
         1
         6
         7
         3
        32
       105
        73
         9
         4
         1
         3
         7
         0
         1
         2
         1
         1
         1
         2
         2
         1
         3
         1
         4
         2
         1
         3
         1
         0
         1
         6
         2
         1
         2
         2
         1
         3
         1
         2
         0
         2
         4
         2
         3
         2
         2
         1
         5
         5
         1
         0
         0
         2
         1
         1
         0
         1
         3
         0
         2
         2
         0
         3
         1
         0
         1
         1
         4
         3
         1
         2
         2
         2
         7
         5
         2
         1
         2
         3
         3
         3
         1
         0
         1
         1
         1
         2
         4
         4
         4
         0
         2
         1
         1
         2
         1
         0
         2
         3
         0
         1
         1
         2
         3
         1
         1
         3
         1
         2
         5
         2
         2
         3
         2
         0
         1
         1
         1
         2
         1
         0
         4
         2
         0
         1
         3
         1
         1
         1
         0
         0
         3
         1
         0
         0
         0
         2
         0
         0
         1
         4
         2
         0
         5
         3
         0
         2
         1
         1
         0
         1
         3
         1
         2
         1
         0
         2
         2
         1
         4
         4
        15
         8
         1
         2
         0
         1
         2
         0
         2
         0
         0
         0
         1
         0
         0
         0
         0
         1
         1
         1
         1
         1
         2
         1
         3
         3
         0
         0
         0
         0
         1
         0
         0
         1
         1
         0
         1
         0
         2
         0
         0
         2
         2
         4
         1
         1
         2
         1
         0
         0
         0
         0
         0
         1
         0
         1
         1
         2
         3
         2
         0
         0
         1
         1
         1
         0
         0
         1
         2
         1
         3
         0
         2
         1
         0
         0
         2
         1
         3
         1
         1
         2
         3
         2
         2
         3
         2
         0
         1
         1
         2
         2
         0
         3
         1
         2
         2
         1
         1
         1
         1
         2
         0
         1
         0
         0
         0
         0
         1
         0
         0
         2
         1
         1
         1
         0
         2
         1
         1
         0
         0
