C:\Documents and Settings\Alumnos\Escritorio\luis_abalo\Cs137-4mmPb.txt

DATE:
30/4/2021
TIME:
4.5 300.1
DATA:
0 1024
         0
         0
         0
         0
         0
         0
         0
         0
         0
         0
         0
         0
         0
        13
       328
       798
       428
       406
       386
       408
       372
       411
       377
       402
       379
       341
       337
       358
       348
       352
       335
       368
       351
       331
       326
       338
       331
       360
       391
       343
       362
       371
       366
       370
       441
       421
       402
       441
       367
       421
       417
       461
       467
       477
       439
       445
       416
       466
       473
       452
       507
       474
       470
       494
       497
       513
       486
       470
       466
       483
       486
       472
       478
       480
       466
       487
       466
       482
       446
       437
       431
       438
       427
       410
       435
       421
       469
       417
       414
       422
       379
       405
       421
       413
       432
       477
       438
       464
       413
       424
       371
       387
       403
       429
       363
       404
       340
       367
       320
       336
       376
       323
       299
       304
       326
       295
       324
       266
       295
       313
       292
       265
       327
       280
       255
       254
       281
       244
       240
       273
       242
       252
       269
       242
       250
       235
       229
       243
       246
       220
       231
       230
       243
       222
       241
       199
       232
       216
       206
       201
       224
       283
       216
       199
       196
       211
       211
       222
       199
       196
       193
       202
       181
       200
       201
       172
       201
       203
       201
       198
       216
       197
       191
       189
       213
       194
       199
       200
       185
       258
       240
       192
       169
       171
       189
       152
       168
       162
       170
       166
       180
       139
       192
       171
       183
       175
       176
       190
       182
       194
       163
       191
       189
       167
       179
       192
       177
       182
       169
       175
       191
       180
       162
       158
       165
       181
       177
       193
       179
       164
       209
       185
       165
       191
       183
       192
       204
       192
       178
       203
       198
       211
       209
       196
       199
       195
       183
       173
       211
       184
       204
       192
       188
       151
       147
       151
       130
       119
       131
       128
       121
       102
        97
        99
       116
       109
       103
        93
       105
       103
       117
       119
        93
        77
        90
        67
        90
        87
        86
        85
        81
        73
        71
        67
        70
        71
        69
        65
        75
        65
        64
        63
        63
        67
        59
        56
        55
        60
        44
        44
        66
        45
        54
        54
        43
        59
        46
        78
        85
        60
        48
        44
        42
        48
        48
        38
        41
        55
        41
        45
        76
       147
        56
        48
        50
        30
        47
        37
        46
        48
        34
        46
        32
        37
        45
        39
        26
        38
        36
        42
        53
        42
        31
        34
        34
        50
       172
      3213
      3690
        71
        19
        16
        13
        14
        18
        13
        14
        14
        23
        14
        17
        20
         9
        22
         9
        15
        17
        15
        20
        14
        13
        11
        15
        13
        12
        16
        11
        18
        19
        14
         8
        15
        15
        11
        13
        14
        16
        16
        19
        10
         9
        11
        13
        11
        16
        12
        11
        10
        10
         6
        14
        16
        17
        26
        18
        21
        12
        13
         9
        15
         6
        15
        13
        10
        15
        15
        17
        20
         9
         9
        13
        15
         9
         7
         8
         7
         7
        10
        14
        12
        13
        12
        12
         9
        11
        14
        10
        13
         8
         8
         7
        13
         8
        15
        14
        11
        10
        15
        12
        19
        13
        13
         5
        10
         7
        12
         6
         6
        13
         9
         6
        13
        14
         9
        14
        13
        15
         6
        12
        10
         9
        14
         9
         7
        12
        22
        33
        12
        13
        10
        17
         8
         5
        14
        10
         9
        11
        20
        11
        12
        10
         8
         3
         8
        11
         7
        12
         7
        13
         8
         9
         6
        11
         7
         6
        24
        13
         8
        12
         8
         4
        11
        10
        15
         1
         9
         8
         4
         8
         8
        12
        12
        12
         7
         8
         5
         4
         6
        15
         4
         3
         8
         6
        12
        11
        12
         3
        11
         5
         9
        12
         4
         8
        14
         7
         6
         9
        12
         7
         9
        10
         8
         6
        12
        17
         9
         7
         8
         8
         8
         5
        12
         8
         9
        11
        11
         7
        11
         4
         5
         3
         7
         5
         5
         8
        10
         4
         5
         4
         9
        10
        10
        26
        35
        11
         6
         7
         2
         5
         9
         7
         7
         3
        10
         4
         5
         6
         5
         5
         5
        15
        10
        11
        11
        12
         6
        10
         8
         6
         5
         4
        10
         7
         6
        10
         6
         4
         7
         3
        12
         8
         8
        11
         7
        11
         6
        10
        11
         9
         9
         7
         8
         5
         4
         4
        11
         9
         9
         7
         7
         7
         6
        16
        24
        18
         9
         6
         8
         8
        10
         1
         4
         2
         5
         5
         6
         6
         7
         4
        12
         6
         5
         6
         7
         8
        10
         6
         7
         4
         8
         2
         6
         6
        11
         5
         3
         5
         3
         3
         2
         4
         6
         5
         5
         5
         2
         4
         9
         7
         3
         2
         2
         2
         2
         5
         5
         4
         5
         5
         6
         5
         3
         3
         2
         4
         4
         7
         1
         2
         1
         1
         5
         2
         5
        10
        12
         1
         4
         5
         3
         2
         1
         0
         3
         6
         2
         2
         3
         1
         5
         3
         5
         4
         7
         2
         1
         1
         1
         2
         5
         2
         2
         0
         5
         1
         2
         4
         4
         6
         3
         6
         5
         2
         5
         2
         6
        27
       133
        70
         5
         1
         2
         2
         0
         2
         2
         1
         1
         3
         2
         0
         4
         3
         3
         1
         4
         5
         2
         2
         2
         2
         2
         7
         4
         0
         3
         0
         0
         3
         6
         4
         2
         2
         2
         1
         2
         2
         2
         2
         4
         0
         3
         1
         2
         2
         5
         0
         1
         2
         1
         2
         1
         1
         1
         1
         3
         1
         0
         2
         3
         4
         0
         3
         3
         4
         4
         1
         1
         4
         1
         2
         0
         3
         1
         1
         3
         1
         1
         1
         1
         1
         2
         0
         3
         2
         1
         1
         0
         3
         4
         1
         4
         0
         2
         1
         0
         1
         1
         2
         3
         1
         1
         1
         3
         0
         2
         1
         0
         2
         0
         1
         0
         3
         2
         2
         0
         4
         0
         0
         0
         0
         3
         0
         0
         0
         1
         1
         2
         0
         0
         0
         2
         0
         1
         0
         2
         0
         1
         3
         0
         0
         1
         3
         0
         0
         1
         3
         0
         3
         1
         1
         2
         9
        20
         7
         1
         1
         1
         0
         0
         2
         1
         2
         0
         0
         2
         1
         1
         1
         1
         1
         0
         1
         1
         2
         3
         1
         0
         0
         1
         1
         0
         0
         0
         0
         4
         1
         0
         0
         2
         0
         3
         0
         1
         1
         2
         4
         1
         1
         0
         0
         3
         0
         1
         2
         0
         0
         1
         2
         0
         1
         0
         0
         0
         1
         1
         0
         1
         0
         2
         0
         1
         2
         3
         1
         2
         0
         0
         1
         0
         1
         1
         1
         0
         0
         0
         0
         0
         0
         1
         2
         0
         2
         1
         2
         1
         0
         0
         2
         1
         2
         0
         3
         3
         2
         1
         2
         0
         1
         0
         1
         0
         0
         1
         1
         2
         0
         1
         0
         0
         2
         0
         0
         0
