C:\Documents and Settings\Alumnos\Escritorio\luis_abalo\Cs137.txt

DATE:
30/4/2021
TIME:
4.0 300.1
DATA:
0 1024
         0
         0
         0
         0
         0
         0
         0
         0
         0
         0
         0
         0
         0
        13
       332
       965
       556
       526
       520
       491
       493
       455
       494
       472
       477
       455
       447
       434
       432
       428
       432
       402
       386
       421
       430
       431
       418
       451
       437
       466
       452
       465
       457
       469
       450
       466
       451
       503
       517
       508
       472
       532
       500
       487
       549
       586
       567
       620
       522
       558
       595
       529
       566
       559
       576
       613
       580
       578
       599
       582
       607
       588
       597
       576
       562
       574
       554
       516
       531
       534
       549
       514
       501
       580
       523
       502
       532
       532
       493
       544
       494
       505
       528
       543
       596
       678
       615
       629
       564
       565
       560
       566
       540
       465
       529
       514
       495
       429
       505
       458
       407
       420
       430
       437
       430
       404
       400
       385
       354
       359
       356
       376
       430
       371
       362
       347
       329
       352
       327
       295
       299
       270
       299
       309
       307
       283
       305
       306
       294
       294
       266
       336
       280
       257
       271
       300
       251
       253
       283
       249
       287
       327
       266
       278
       271
       275
       280
       253
       267
       241
       253
       272
       258
       243
       258
       257
       251
       248
       235
       231
       252
       216
       263
       244
       252
       270
       236
       223
       254
       281
       297
       213
       232
       235
       217
       244
       227
       227
       234
       238
       219
       237
       248
       232
       246
       214
       233
       224
       239
       226
       229
       266
       226
       215
       252
       239
       248
       223
       240
       242
       255
       204
       253
       266
       282
       243
       260
       252
       242
       246
       256
       258
       256
       265
       252
       261
       272
       273
       275
       288
       257
       229
       268
       270
       263
       264
       268
       285
       274
       265
       293
       256
       263
       227
       193
       193
       175
       168
       157
       166
       145
       161
       134
       146
       129
       129
       127
       121
       112
       121
       151
       125
       122
       113
       116
       118
       111
       115
        78
       105
        91
        82
       102
        84
        87
        83
        82
        71
        70
        76
        59
        70
        78
        55
        63
        67
        62
        69
        63
        69
        50
        65
        66
        55
        42
        58
        63
        85
        74
        52
        50
        51
        55
        57
        40
        52
        31
        49
        59
        48
        88
       140
        44
        35
        50
        42
        40
        33
        42
        32
        61
        46
        33
        48
        43
        57
        50
        46
        37
        33
        40
        47
        39
        57
        53
        57
       285
      5290
      5352
        75
        16
        12
        16
        15
        15
        19
         9
        23
        15
        15
        16
        14
        16
        16
        14
        14
        14
        18
         4
        17
        21
         8
        21
        18
        14
        14
         8
        11
        10
        13
        14
        14
        19
        10
        15
         9
        13
        13
        13
        17
        11
        19
        16
        11
        11
        14
         7
        13
        10
         8
         7
        20
        22
        14
        14
        13
        14
        14
        11
        15
        12
        14
         8
         9
        10
        11
        24
        14
        17
         6
         8
        20
        10
        12
         8
         9
        12
         5
        11
        15
         9
        14
         7
         9
        19
        10
        15
        10
        12
        18
         8
         6
        13
        14
         8
         8
        11
        11
         9
        12
        10
         7
         8
        12
        11
        12
         5
        11
         6
        13
        13
         7
        10
        13
         8
         7
         8
         7
        11
        12
        10
        15
         9
         9
        11
        33
        26
         8
        12
        12
        11
         9
        14
        10
        19
         9
        11
        16
        10
         5
        11
        13
        10
         9
         9
         9
        10
         7
         5
         6
        10
         7
         9
        16
        14
        21
         9
         6
         4
         9
         8
        12
         3
         5
         7
        12
         8
         9
         8
        14
        10
        12
        13
         8
        12
         9
         4
         5
         7
         5
        15
         5
         8
         4
         8
         4
         4
         7
        12
         6
         2
         8
         8
         9
         4
         6
         5
         8
         7
         6
         5
         7
         7
         7
         7
         8
         9
         8
        15
         8
        11
        10
        11
         9
         8
         7
         9
         8
         9
         5
         6
         4
         8
         7
         4
         4
         7
         6
         9
         4
         4
         9
        15
        22
         8
        11
         9
         9
         9
        11
         3
         4
         7
        14
         8
        12
         7
         9
        11
         8
        12
         9
         7
         3
         5
         6
         5
         4
         6
         4
        16
         6
        11
         7
        10
         5
         7
        10
         8
         8
         7
         7
         3
         8
         6
         7
        13
        11
        14
         8
         7
         6
         9
        11
         9
        11
         8
         8
        16
        10
         9
        16
        13
        17
        14
        14
         6
         6
         9
         8
         3
         5
         8
         3
        12
         7
         6
         6
         1
        10
         7
         4
         3
        11
         8
         8
         2
         7
         7
         7
         5
         6
         6
         4
         5
         5
         5
         3
        11
        10
         7
         5
         5
         3
         4
         0
         4
         2
         4
         1
         3
         5
         6
         5
         5
         3
         6
         3
         2
         1
         1
         3
         5
         2
         3
         4
         3
         3
         6
         4
         4
         3
         2
         6
         8
         6
         4
         2
         2
         3
         4
         9
         4
         3
         3
         8
         6
         8
         6
         1
         6
         5
         3
         3
         3
         2
         3
         4
         5
         5
         3
         3
         4
         1
         4
         2
         0
         3
         2
         8
         1
         3
         4
         6
         2
         7
        41
       108
        64
         2
         3
         0
         2
         2
         4
         1
         3
         2
         1
         3
         1
         4
         1
         1
         4
         2
         5
         4
         0
         4
         2
         0
         8
         5
         1
         5
         2
         3
         2
         6
         2
         2
         1
         2
         3
         3
         3
         3
         1
         2
         5
         2
         1
         1
         0
         2
         2
         4
         0
         0
         0
         2
         2
         0
         0
         5
         4
         1
         4
         0
         5
         2
         3
         4
         3
         5
         2
         3
         1
         4
         0
         3
         2
         1
         0
         0
         5
         1
         5
         3
         6
         3
         0
         0
         4
         4
         0
         0
         1
         0
         3
         1
         1
         0
         2
         1
         2
         3
         1
         3
         0
         1
         2
         3
         1
         0
         0
         0
         2
         1
         0
         0
         3
         2
         1
         2
         0
         1
         1
         0
         1
         1
         1
         0
         2
         2
         1
         3
         2
         2
         1
         1
         1
         0
         0
         9
         1
         0
         4
         0
         1
         0
         1
         0
         2
         0
         0
         1
         2
         0
         2
         2
         4
        13
         7
         1
         1
         0
         0
         0
         2
         0
         2
         3
         1
         0
         0
         1
         1
         1
         2
         5
         2
         0
         0
         1
         5
         0
         1
         1
         2
         0
         0
         2
         1
         2
         0
         1
         1
         1
         2
         1
         0
         1
         0
         4
         2
         2
         5
         2
         0
         0
         2
         2
         1
         0
         2
         1
         0
         2
         0
         1
         0
         1
         1
         1
         0
         0
         0
         1
         2
         1
         1
         0
         2
         0
         1
         2
         0
         2
         0
         3
         0
         0
         0
         2
         0
         0
         1
         0
         2
         1
         0
         1
         2
         1
         0
         0
         2
         2
         1
         1
         1
         2
         2
         0
         1
         2
         1
         0
         2
         0
         0
         1
         1
         1
         1
         2
         0
         0
         1
         1
         0
         0
