C:\Documents and Settings\Alumnos\Escritorio\luis_abalo\Cs137-2mmAl.txt

DATE:
30/4/2021
TIME:
3.7 300.1
DATA:
0 1024
         0
         0
         0
         0
         0
         0
         0
         0
         0
         0
         0
         0
         0
         5
       256
       816
       568
       530
       522
       517
       514
       474
       475
       507
       434
       486
       437
       396
       436
       424
       431
       439
       437
       426
       427
       444
       406
       421
       459
       458
       464
       510
       438
       484
       523
       461
       458
       502
       519
       524
       509
       543
       517
       524
       532
       583
       602
       564
       550
       584
       584
       561
       568
       597
       634
       555
       566
       638
       599
       612
       580
       584
       563
       583
       580
       595
       555
       566
       575
       591
       532
       536
       564
       586
       545
       506
       527
       513
       518
       545
       570
       508
       492
       565
       523
       567
       597
       583
       567
       569
       581
       558
       514
       518
       495
       488
       533
       486
       466
       418
       465
       442
       459
       446
       413
       385
       392
       397
       402
       364
       386
       376
       424
       393
       392
       357
       361
       334
       339
       313
       324
       307
       316
       328
       321
       317
       320
       309
       328
       313
       323
       235
       281
       288
       304
       275
       288
       292
       298
       293
       322
       329
       296
       267
       244
       261
       279
       264
       242
       267
       263
       265
       271
       248
       269
       240
       237
       247
       259
       262
       245
       257
       264
       249
       217
       260
       244
       256
       254
       304
       297
       229
       237
       231
       237
       248
       245
       228
       253
       264
       236
       232
       252
       196
       282
       216
       242
       202
       238
       253
       232
       237
       247
       249
       230
       251
       226
       238
       224
       252
       249
       237
       231
       247
       246
       245
       255
       226
       256
       244
       213
       264
       242
       248
       260
       241
       261
       256
       269
       256
       261
       291
       271
       283
       290
       266
       297
       267
       274
       270
       259
       271
       266
       222
       209
       190
       177
       161
       167
       171
       182
       151
       155
       129
       145
       140
       137
       140
       157
       143
       138
       129
       119
       112
       111
       108
       107
       109
        95
        95
       103
        79
       103
        93
        88
        80
        77
        78
        84
        73
        87
        89
        79
        68
        73
        62
        63
        57
        50
        67
        61
        66
        61
        62
        63
        57
        67
        92
        65
        43
        49
        58
        46
        50
        43
        59
        47
        54
        50
        45
        87
       164
        45
        49
        48
        57
        36
        47
        42
        50
        38
        37
        50
        42
        66
        52
        46
        38
        51
        39
        39
        52
        58
        36
        54
        51
       210
      4474
      5873
       114
        15
        13
        12
        11
        20
         9
        10
        16
         9
        11
        17
        12
        11
        14
        12
        16
        12
        17
        20
        14
        15
        13
        17
        17
        12
        18
        11
        14
        14
        18
        10
        21
        21
        17
        12
        10
        12
        15
        18
        14
         6
         9
        12
        11
        18
        14
        17
        12
        13
         6
        16
        16
        23
        19
        17
        12
        12
        10
        11
         9
         9
        16
        17
        16
        13
        14
        15
        12
        10
         9
         8
        17
        14
        21
        12
        15
         5
        11
        11
        11
        15
        10
        13
        12
        15
        15
        10
        14
        12
        16
        15
         9
        16
        18
        13
         7
         7
        21
        11
        12
        13
         9
        11
        13
        16
        17
         6
        10
        14
        13
        10
        10
         9
         5
        13
         8
         9
        13
         8
         7
        12
        13
        13
        13
        15
        29
        20
         6
        12
        10
         6
        12
        10
        12
        13
        12
        13
        16
        12
         8
        11
         6
         6
         9
        12
        12
        14
         7
        10
         6
         8
         7
        11
        15
        10
        20
         4
         5
         7
        12
        10
        14
        10
         7
         8
         7
         6
         2
         7
        10
         5
        13
        14
         6
         8
        10
        11
         4
        11
         7
         8
         8
        11
         6
        11
         5
        11
         5
         5
        14
         5
         6
         7
        16
        11
        11
        11
         9
         8
         5
         5
         5
         9
         4
         7
        11
        10
         6
        10
         4
         0
        10
        10
        11
         5
         6
        13
         9
        15
        13
        11
        11
         6
         9
        12
        11
        17
         8
         8
        10
         5
         6
        18
        29
        16
         9
         9
        11
         7
         7
         6
        10
         5
         5
         9
         2
        10
         5
         5
        10
         9
         8
         8
         9
         7
        12
         8
        12
         7
        15
        12
         7
         8
         8
        10
         9
         9
         8
        12
        13
         5
         9
         9
        13
         4
         2
        13
        14
        11
         8
        13
         2
         8
        11
         8
         9
         9
         3
         9
         9
        14
         5
        10
        19
        13
         5
         7
         7
         7
         7
         5
         8
         3
         7
         6
         4
         5
        10
         5
         5
         4
         7
         6
         5
         6
         9
         6
         4
         2
         6
         5
         4
         4
         4
         4
         5
         4
         4
         5
         4
         5
         6
         7
         2
         4
         2
         6
         3
         5
         8
         2
         4
         4
         2
         2
         3
         7
         4
         2
        10
         4
         5
         4
         4
         2
         2
         4
         2
         5
         2
         3
         1
         4
         2
         8
         9
         7
         3
         4
         5
         2
         3
         1
         0
         4
         3
         4
         4
         2
         3
         7
         6
         2
         3
         4
         5
         3
         6
         3
         4
         2
         5
         6
         3
         1
         3
         1
         2
         1
         2
         1
         4
         2
         2
         2
         1
        28
       115
        72
         3
         3
         4
         1
         4
         2
         2
         3
         1
         3
         2
         2
         3
         2
         3
         2
         2
         5
         4
         5
         1
         3
         3
         7
         8
         3
         3
         2
         2
         2
         2
         0
         3
         5
         3
         3
         1
         4
         4
         0
         2
         2
         0
         2
         5
         1
         0
         2
         2
         2
         5
         0
         0
         1
         2
         1
         1
         4
         2
         3
         0
         2
         2
         2
         4
         3
         2
         1
         2
         0
         0
         2
         5
         1
         2
         1
         2
         1
         2
         2
         1
         2
         2
         2
         2
         1
         2
         1
         2
         0
         3
         0
         2
         0
         0
         0
         1
         2
         1
         2
         2
         2
         1
         1
         1
         1
         1
         4
         1
         1
         0
         0
         0
         2
         1
         1
         1
         1
         2
         3
         3
         1
         1
         2
         0
         1
         2
         2
         2
         1
         0
         0
         3
         2
         1
         2
         6
         2
         2
         1
         1
         1
         3
         1
         1
         0
         1
         1
         0
         0
         2
         3
         3
         5
        19
        17
         4
         3
         0
         2
         1
         1
         0
         1
         0
         3
         2
         1
         1
         2
         2
         1
         1
         1
         2
         1
         2
         1
         3
         2
         0
         0
         3
         1
         2
         0
         1
         0
         4
         1
         1
         3
         2
         1
         3
         1
         1
         2
         1
         0
         2
         0
         1
         1
         2
         0
         2
         0
         0
         0
         2
         1
         0
         0
         2
         2
         2
         2
         2
         0
         0
         1
         0
         4
         0
         2
         2
         0
         1
         0
         0
         2
         1
         0
         0
         1
         0
         3
         1
         1
         0
         2
         0
         1
         1
         1
         2
         1
         0
         0
         2
         2
         3
         0
         2
         0
         0
         0
         1
         1
         1
         2
         2
         0
         1
         2
         1
         1
         0
         0
         0
         1
         0
         1
         0
