C:\Documents and Settings\Alumnos\Escritorio\luis_abalo\Cs137-2mmPb.txt

DATE:
30/4/2021
TIME:
3.9 300.1
DATA:
0 1024
         0
         0
         0
         0
         0
         0
         0
         0
         0
         0
         0
         0
         0
        12
       364
       881
       466
       448
       482
       419
       413
       381
       451
       437
       404
       434
       402
       388
       393
       405
       395
       385
       399
       389
       403
       378
       409
       425
       446
       442
       395
       402
       453
       430
       457
       460
       429
       441
       470
       470
       498
       464
       462
       485
       513
       498
       521
       541
       549
       483
       527
       537
       509
       527
       538
       532
       559
       526
       515
       525
       528
       539
       520
       472
       499
       522
       490
       489
       483
       481
       496
       483
       425
       483
       456
       462
       446
       464
       474
       473
       488
       441
       481
       452
       444
       558
       523
       454
       462
       463
       439
       449
       428
       438
       397
       399
       429
       379
       383
       346
       367
       369
       344
       393
       327
       326
       329
       315
       332
       316
       328
       305
       373
       334
       322
       286
       275
       293
       291
       279
       273
       264
       290
       276
       262
       274
       276
       273
       280
       244
       276
       258
       263
       266
       233
       250
       243
       265
       263
       280
       260
       328
       221
       253
       228
       242
       248
       243
       211
       230
       210
       236
       227
       225
       206
       203
       241
       238
       191
       240
       215
       215
       241
       236
       231
       207
       208
       218
       220
       256
       241
       207
       218
       198
       177
       203
       246
       217
       185
       198
       193
       196
       215
       226
       171
       199
       188
       199
       229
       199
       221
       211
       211
       232
       186
       200
       209
       209
       204
       213
       194
       198
       186
       225
       217
       229
       194
       215
       226
       223
       196
       214
       211
       209
       235
       228
       218
       239
       224
       246
       255
       269
       211
       252
       275
       215
       255
       254
       230
       246
       216
       212
       230
       215
       157
       150
       133
       146
       117
       150
       139
       145
       114
       122
       130
       130
       122
       102
       125
       122
       126
       118
       123
        98
       103
        88
        82
       100
       103
       100
        68
        91
        75
        91
        73
        87
        79
        77
        78
        89
        62
        70
        69
        62
        68
        49
        64
        66
        48
        67
        47
        66
        60
        56
        64
        56
        55
        85
        60
        56
        54
        54
        56
        48
        49
        57
        54
        35
        43
        50
        85
       167
        56
        45
        57
        43
        39
        44
        44
        40
        54
        35
        40
        41
        39
        50
        43
        36
        40
        55
        45
        47
        48
        44
        46
        57
       226
      4110
      4527
        72
        23
        10
        14
        13
        11
        15
        14
        19
        20
        21
        15
        12
        19
        15
        12
        25
        13
         9
        15
        10
        17
        13
        12
        12
        12
        15
        13
        12
        12
        14
        11
        18
        14
         9
        17
        17
         9
        13
        13
        18
        11
        11
         9
         7
        13
        12
        10
        13
        14
        13
        11
        17
        30
        17
        12
        18
         9
         8
        16
        14
        13
        15
        12
        12
        13
        11
        19
        15
        14
         8
        16
        12
         7
         8
        13
         8
        13
        14
        11
        12
        11
         9
         9
         9
         9
        17
        15
        11
        10
         9
        12
        13
        16
         8
        13
        13
        14
         8
        12
        19
        11
        12
        10
        13
        11
        12
         9
        13
         5
         2
        10
        11
        16
        13
         7
         9
        11
        11
         5
        10
         4
        12
        18
        13
        19
        34
        19
        16
         9
        10
         9
        10
         5
        10
        12
        11
        11
        13
        12
         8
        16
        11
        11
         7
        12
        11
         7
         6
         6
        11
         7
         8
         8
        11
        19
        22
        10
        16
        13
         7
        10
        10
        11
         7
         6
        12
         4
         5
        10
         7
         9
        17
         8
         9
         8
        11
         8
         7
         8
         9
         9
         8
         7
        11
         7
         6
         5
        16
         8
         9
         8
         7
         3
         5
         6
        12
         4
         9
        13
         9
         8
         4
         6
        12
         8
         8
         6
         9
         9
         8
         6
         9
         6
         5
         6
        15
         8
         7
         9
         9
        13
        13
         6
         8
        10
         9
         4
         8
         5
         7
        13
        12
        33
        27
         1
         4
         5
         6
         3
         8
         8
         9
        12
         4
         4
         6
         8
         6
         6
         9
        10
        10
         4
        11
        12
         4
         9
         8
         7
         5
         7
        10
         8
        10
        14
         8
         6
        10
        11
        15
         7
         7
         7
         8
        16
         7
        10
         9
         6
         5
         8
         6
         7
         5
        10
        13
         6
        11
        10
         5
        11
        12
        10
        14
        11
         6
         2
         8
        10
        12
         9
         4
        10
         7
         5
         5
         2
         6
        10
         9
         5
        10
         5
         4
         9
         8
         7
         4
         7
         1
         4
         5
         6
         3
         4
         5
         5
         5
         4
         3
         7
         5
         5
         4
        10
         2
         1
         5
         3
         2
         2
         4
         6
         3
         6
         3
         3
         2
         3
         5
         3
         1
         1
         2
         5
         6
         7
         6
         3
         1
         5
         2
         5
         7
         6
         6
         4
         1
         2
         9
         2
         3
         2
         5
         1
         3
         8
         5
         3
         4
         6
         8
         4
         3
         4
         3
         3
         2
         4
         4
         2
         2
         4
         5
         3
         4
         4
         2
         0
         4
         3
         2
         4
         4
         2
         7
        36
       134
        52
         5
         3
         1
         1
         1
         4
         1
         4
         4
         2
         2
         0
         3
         3
         2
         3
         4
         3
         0
         1
         3
         0
         3
         7
         1
         1
         6
         1
         1
         1
         0
         4
         1
         1
         1
         2
         1
         3
         3
         2
         2
         2
         1
         1
         1
         0
         0
         2
         0
         3
         0
         0
         0
         2
         1
         1
         0
         2
         1
         2
         1
         2
         3
         3
         2
         3
         3
         2
         0
         2
         0
         3
         0
         2
         1
         1
         1
         0
         3
         0
         3
         1
         0
         1
         0
         0
         1
         0
         0
         2
         0
         0
         1
         1
         2
         0
         0
         2
         2
         0
         1
         2
         1
         2
         1
         1
         0
         1
         1
         1
         2
         4
         1
         3
         2
         0
         0
         0
         2
         0
         0
         0
         0
         0
         0
         0
         4
         1
         1
         0
         1
         2
         1
         0
         3
         5
         3
         1
         0
         1
         0
         0
         0
         2
         1
         2
         1
         1
         0
         0
         2
         3
         5
         3
        17
        16
         0
         0
         2
         2
         1
         2
         0
         1
         0
         4
         0
         3
         1
         3
         3
         0
         2
         1
         0
         0
         1
         2
         3
         0
         0
         1
         0
         1
         1
         2
         0
         2
         0
         1
         0
         3
         0
         3
         0
         2
         4
         1
         2
         0
         0
         2
         3
         1
         0
         1
         1
         2
         3
         1
         1
         0
         0
         1
         0
         1
         1
         0
         0
         0
         0
         1
         2
         2
         1
         0
         1
         0
         2
         3
         1
         3
         2
         0
         0
         0
         1
         1
         1
         0
         0
         0
         1
         1
         1
         2
         0
         0
         1
         0
         2
         1
         0
         0
         1
         2
         1
         0
         0
         1
         0
         0
         1
         1
         2
         1
         0
         0
         2
         1
         0
         0
         0
         0
         0
