C:\Documents and Settings\Alumnos\Escritorio\luis_abalo\Cs137-8mmAl.txt

DATE:
30/4/2021
TIME:
3.9 300.1
DATA:
0 1024
         0
         0
         0
         0
         0
         0
         0
         0
         0
         0
         0
         0
         0
         9
       311
       805
       583
       482
       479
       463
       430
       470
       456
       433
       460
       426
       423
       443
       432
       395
       383
       379
       426
       411
       379
       424
       421
       477
       451
       435
       460
       444
       432
       439
       492
       506
       452
       501
       502
       488
       504
       525
       542
       544
       538
       567
       543
       566
       548
       577
       568
       549
       583
       537
       550
       580
       558
       519
       582
       604
       580
       546
       550
       531
       553
       521
       564
       517
       526
       523
       535
       524
       512
       502
       563
       541
       522
       519
       515
       500
       505
       523
       524
       536
       555
       583
       595
       539
       541
       523
       559
       508
       515
       491
       485
       477
       482
       434
       415
       414
       426
       410
       392
       362
       373
       389
       397
       356
       365
       335
       379
       347
       392
       364
       379
       339
       329
       333
       325
       310
       316
       279
       300
       278
       291
       279
       289
       267
       292
       287
       313
       280
       278
       302
       290
       256
       281
       269
       260
       287
       264
       323
       258
       280
       237
       254
       255
       243
       225
       236
       247
       245
       245
       257
       248
       235
       255
       247
       212
       233
       244
       259
       253
       242
       248
       236
       239
       217
       226
       275
       299
       212
       210
       198
       252
       240
       221
       216
       222
       219
       199
       223
       226
       183
       195
       221
       217
       246
       207
       227
       234
       219
       220
       221
       217
       246
       210
       244
       228
       219
       197
       208
       213
       222
       223
       226
       211
       225
       223
       215
       220
       239
       243
       250
       251
       220
       236
       247
       231
       248
       248
       239
       219
       246
       245
       229
       254
       259
       241
       252
       228
       220
       236
       247
       201
       168
       182
       133
       170
       166
       140
       160
       151
       120
       127
       137
       135
       127
       123
        96
       131
       114
       120
       107
       115
       112
       112
       104
       100
       101
        98
       114
        92
        92
       106
       102
        58
        74
        95
        80
        71
        82
        78
        80
        77
        61
        63
        74
        73
        62
        65
        63
        61
        64
        76
        60
        63
        73
        67
        69
        46
        53
        67
        60
        66
        56
        41
        54
        60
        69
        75
       154
        63
        43
        59
        47
        43
        46
        43
        52
        64
        41
        47
        55
        38
        47
        49
        41
        45
        57
        48
        57
        39
        39
        51
        52
       200
      3788
      5396
       122
        21
        15
        16
        16
        14
        15
        12
        23
        16
        12
        15
        12
        12
        16
        17
        15
        15
        15
         9
        14
        13
        24
        22
        12
         6
        18
        14
        19
        15
        11
         9
        19
        15
         9
        14
        18
        17
        13
        11
        11
        10
        15
        15
        13
        16
        17
        19
        15
        17
        15
        11
        13
        33
        17
        18
        16
         7
        11
         7
         8
        14
        17
        13
        10
        14
        11
        21
        17
         5
        12
         9
        14
        11
         8
         9
        17
         6
         8
        15
        10
        17
        10
         5
        11
        16
         8
        11
        14
        13
        13
         9
        10
        10
        15
         9
         7
        12
        15
        18
        13
        13
        15
        13
         3
         9
         7
        10
         7
        10
        12
         6
         8
        15
         8
        13
        12
         8
         4
        13
        11
         4
        14
        11
        11
        15
        26
        31
        10
         8
         9
        12
         6
        10
        13
        12
         9
         7
        12
         9
         5
        11
         8
         7
        10
         5
         9
         5
        10
        10
         4
         6
        10
        13
        11
        13
        20
        14
         7
        16
        15
         6
         7
        10
         9
        10
         5
         7
        13
         3
         8
        11
         6
        14
         9
         5
         5
         6
         2
         7
        10
         6
         8
         8
         7
         7
         7
         6
         5
         8
        11
         7
         8
         7
         9
        10
         4
         2
         9
        14
         5
         7
         6
        12
         7
        13
         2
        12
         5
         6
         5
         4
         8
         3
         6
         8
         5
         8
        10
         8
        10
         9
         9
         6
         8
         7
        11
         7
         9
        11
         9
         5
         6
        24
        36
        13
         5
         9
         9
        15
        11
         4
         9
        10
         9
         8
         5
        12
        11
        13
         6
         7
         7
        10
         7
         5
        12
         3
         9
         5
        12
         8
         5
         5
         8
         6
         5
        10
         4
        11
         9
         6
         8
        11
         5
         7
        10
        10
         6
         8
         5
         6
         8
         6
        13
        11
         5
         7
         5
         6
        14
         8
         8
        11
        16
        10
        11
         7
         6
         9
         8
         6
         5
         5
         6
         6
         9
        11
         2
         6
        10
         2
         7
         3
         3
         7
         5
        10
         1
         4
         3
         4
         7
         3
         4
         3
         5
         6
         9
         2
         4
         2
         1
         5
         5
         2
         3
         4
         6
         3
         6
         4
         3
         3
         7
         3
         1
         5
         1
         2
         2
         6
         2
         6
         5
         6
         4
         1
         5
         5
         5
         5
         6
         6
         5
         5
        13
         4
         3
         4
         3
         2
         5
         1
         2
         4
         4
         4
         4
         2
         8
         2
         5
         5
         4
         1
         2
         4
         3
         2
         3
         6
         4
         0
         1
         3
         3
         3
         4
         2
         5
         8
         4
         4
         4
         8
         4
        23
       101
        83
         4
         0
         2
         1
         1
         4
         4
         1
         3
         1
         1
         1
         0
         1
         5
         4
         2
         4
         2
         2
         0
         3
         3
         5
         3
         1
         1
         1
         1
         2
         1
         1
         3
         1
         0
         3
         0
         1
         0
         1
         4
         2
         1
         0
         2
         1
         0
         0
         2
         2
         1
         2
         3
         0
         0
         1
         4
         0
         1
         0
         3
         3
         0
         2
         3
         4
         7
         2
         2
         4
         2
         0
         2
         2
         0
         2
         1
         1
         2
         4
         1
         1
         3
         0
         1
         5
         4
         0
         1
         2
         1
         1
         0
         3
         3
         1
         2
         2
         3
         0
         2
         3
         2
         0
         1
         1
         3
         1
         0
         3
         0
         4
         2
         2
         1
         1
         2
         2
         3
         0
         1
         0
         1
         0
         0
         1
         0
         1
         0
         1
         3
         1
         0
         3
         1
         2
         4
         5
         0
         2
         0
         5
         0
         2
         1
         0
         0
         1
         1
         1
         2
         2
         7
         6
        17
        14
         2
         1
         1
         3
         0
         1
         1
         0
         0
         2
         1
         1
         2
         0
         0
         2
         3
         1
         2
         1
         1
         0
         2
         2
         0
         1
         1
         0
         2
         1
         0
         0
         2
         1
         1
         0
         2
         0
         1
         3
         2
         5
         0
         2
         1
         0
         1
         2
         1
         1
         2
         1
         0
         1
         1
         0
         0
         1
         0
         0
         2
         0
         1
         1
         0
         1
         2
         2
         0
         2
         0
         0
         2
         2
         1
         0
         1
         0
         0
         4
         1
         0
         0
         2
         2
         1
         1
         1
         4
         2
         2
         0
         2
         0
         0
         0
         1
         0
         0
         0
         2
         1
         2
         1
         1
         0
         0
         0
         0
         0
         0
         1
         0
         0
         0
         1
         1
         2
         0
