C:\Documents and Settings\Alumnos\Escritorio\luis_abalo\Na22.txt

DATE:
30/4/2021
TIME:
4.1 300.1
DATA:
0 1024
         0
         0
         0
         0
         0
         0
         0
         0
         0
         0
         0
         0
         0
        17
       485
      1012
       651
       592
       562
       507
       558
       547
       552
       534
       532
       473
       483
       487
       483
       483
       515
       477
       487
       456
       468
       491
       503
       470
       517
       522
       477
       503
       514
       510
       534
       546
       551
       542
       545
       558
       574
       623
       630
       564
       624
       666
       584
       588
       593
       578
       603
       627
       614
       633
       617
       590
       627
       607
       679
       599
       651
       611
       648
       616
       603
       617
       593
       572
       582
       600
       581
       583
       572
       547
       524
       576
       541
       531
       565
       560
       589
       558
       577
       552
       532
       586
       536
       535
       494
       525
       507
       513
       495
       486
       499
       513
       479
       463
       439
       474
       479
       464
       478
       489
       438
       471
       423
       427
       378
       471
       433
       439
       486
       442
       447
       399
       403
       384
       386
       418
       391
       409
       394
       407
       370
       399
       388
       389
       370
       398
       378
       367
       381
       390
       370
       366
       392
       401
       394
       375
       383
       432
       338
       336
       371
       359
       346
       407
       370
       360
       394
       379
       353
       387
       381
       386
       400
       395
       385
       372
       413
       368
       355
       383
       348
       297
       255
       255
       227
       322
       292
       246
       206
       232
       219
       238
       203
       210
       171
       217
       206
       182
       196
       191
       170
       177
       171
       175
       161
       157
       142
       143
       156
       152
       151
       163
       141
       152
       143
       118
       120
       136
       129
       117
       117
       159
       109
       125
       119
       122
       136
       106
        98
       114
       122
       125
       136
       120
       108
       119
        93
       130
        99
       115
       106
       107
       106
       116
       102
       121
       107
       115
       135
        96
       132
       103
       104
       120
       122
       104
       115
       103
        98
       114
       130
       107
       123
       138
       194
       970
      6017
      5452
       646
        76
        76
        67
        51
        61
        68
        55
        61
        61
        65
        65
        61
        60
        75
        65
        64
        54
        61
        59
        54
        52
        52
        46
        59
        59
        60
        54
        65
        72
        62
        60
        78
        59
        60
        64
        78
        54
        41
        56
        45
        40
        73
        57
        56
        58
        53
        57
       105
       166
        63
        56
        60
        50
        46
        40
        48
        39
        45
        52
        57
        60
        38
        53
        44
        53
        43
        48
        54
        41
        51
        45
        55
        49
        50
       100
        56
        49
        36
        36
        44
        50
        45
        48
        53
        40
        63
        53
        43
        53
        45
        56
        47
        46
        48
        55
        48
        31
        56
        47
        55
        39
        46
        49
        48
        47
        57
        47
        48
        51
        39
        37
        57
        43
        43
        44
        45
        51
        53
        45
        53
        49
        51
        53
        44
        43
        47
        61
        52
        50
        62
        57
        47
        46
        44
        41
        45
        44
        45
        58
        54
        50
        59
        50
        54
        37
        47
        41
        42
        45
        49
        52
        37
        55
        47
        57
        58
        42
        36
        60
        35
        60
        52
        51
        41
        42
        53
        58
        54
        47
        63
        51
        42
        58
        49
        41
        55
        42
        44
        46
        44
        49
        55
        59
        54
        42
        45
        43
        61
        54
        58
        42
        51
        62
        57
        43
        43
        55
        37
        49
        56
        55
        37
        68
        52
        52
        55
        44
        46
        53
        54
        57
        51
        56
        58
        72
        66
        59
        65
        55
        61
        50
        45
        60
        62
        63
        61
        53
        57
        61
        70
        71
        66
        66
        55
        55
        51
        58
        51
        63
        58
        53
        64
        52
        62
        67
        56
        61
        67
        61
        55
        71
        69
        58
        56
        77
        63
        62
        54
        74
        70
        67
        80
        83
        72
        78
        74
        74
        78
        77
        67
        64
        72
        82
        65
        87
        84
        71
        81
        71
        65
        61
        60
        57
        66
        54
        47
        40
        49
        46
        37
        48
        38
        41
        47
        42
        34
        47
        40
        35
        34
        37
        44
        38
        39
        26
        36
        26
        38
        47
        53
        62
        46
        33
        25
        28
        29
        39
        33
        37
        36
        30
        28
        34
        31
        20
        17
        34
        37
        35
        24
        22
        19
        18
        24
        25
        28
        26
        21
        16
        22
        20
        26
        20
        16
        26
        21
        13
        15
        14
        22
        22
        13
        19
        21
        23
        17
        21
        15
        20
        27
        27
         8
        13
        16
        22
        21
        24
        23
        17
        16
        28
        23
        20
        26
        19
        17
        21
        18
        20
        27
        12
        23
        13
        17
        27
        22
        36
       121
      1044
      1528
       121
        14
        25
        14
        14
        12
        15
        11
        11
        10
        12
        13
        13
        10
         9
        10
         9
        15
         7
        16
        12
        10
        20
        18
         7
         6
        15
        15
         8
        10
        10
        10
        15
        10
         8
        11
         8
        11
        13
         8
         5
         6
         5
        10
        10
         5
        13
         9
        12
        14
         8
         5
        14
        10
        15
        11
        10
         8
         8
         8
         5
         2
         4
        16
         8
         5
        12
        12
         9
        10
        12
         9
         9
         5
         9
         7
         6
         2
         8
         7
        10
         3
         9
         7
         6
        11
        10
         9
         8
         7
         4
         8
        11
        44
       130
        56
         9
         5
         4
         5
        10
         5
        10
         7
         9
         5
         8
         5
         5
         4
         9
         6
         7
         7
         6
         8
         6
         5
        12
        10
        14
         4
        11
         4
         8
        14
        10
         7
        11
         7
         4
         4
        11
         8
         3
         8
         6
         3
         5
         4
         5
         4
         4
         7
         7
         9
         5
         6
         2
         7
         9
         8
         3
         5
         8
         4
         7
         5
         5
         4
         7
         6
         9
         9
         2
         6
         5
         5
         7
         2
         5
         7
         1
         1
         6
         5
         7
         4
         3
         2
         5
         0
         3
         3
         1
         3
         3
         4
         1
         4
         2
         5
         2
         3
         2
         2
         2
         9
         4
         2
         2
         4
         3
         1
         0
         2
         1
         2
         0
         3
         3
         0
         0
         2
         1
         2
         1
         3
         2
         4
         3
         0
         3
         4
         6
         2
         1
         1
         1
         3
         4
         2
         6
         3
         1
         1
         3
         0
         1
         2
         3
         3
         0
         2
         4
         2
         3
         1
         3
         7
        16
        10
         3
         1
         2
         3
         2
         6
         2
        12
        29
        37
        23
         0
         2
         3
         2
         0
         0
         1
         2
         0
         0
         2
         1
         3
         2
         0
         2
         1
         1
         1
         0
         2
         0
         1
         0
         0
         0
         1
         0
         0
         1
         4
         3
         1
         0
         1
         2
         2
         1
         1
         1
         0
         2
         3
         0
         2
         1
         1
         0
         1
         0
         0
         2
         0
         1
         0
         1
         1
         1
         0
         1
         0
         2
         2
         0
         0
         0
         1
         0
         2
         1
         0
         2
         2
         4
         0
         1
         0
         2
         1
         1
         1
         1
         0
         1
         0
         0
         1
         0
         3
         0
         0
         0
         1
         1
         1
         0
         0
         1
         0
         2
         0
         0
         2
         2
         2
         2
         1
         0
