         0
         0
         0
         0
         0
         0
         0
         0
         0
         0
         0
         0
         0
         7
       257
     25757
     38563
     36867
     36237
     35124
     34287
     34445
     33714
     33528
     33059
     32733
     32291
     31891
     31947
     31499
     31569
     31763
     31717
     31940
     32639
     33248
     34676
     39465
     49708
     55891
     51925
     34984
     33499
     37228
     41034
     45741
     34595
     30697
     30920
     29835
     29519
     29318
     29067
     29846
     30848
     30357
     30798
     30318
     30502
     30425
     30653
     30428
     30685
     30819
     31315
     31280
     31916
     31877
     31712
     32020
     32525
     32821
     33139
     33638
     33623
     33944
     34502
     34760
     34943
     34838
     34680
     33905
     33548
     33117
     32427
     32545
     32348
     32173
     32041
     32043
     32329
     32824
     33797
     34974
     38577
     70496
     45225
     31671
     30968
     31183
     31447
     30672
     30071
     29608
     28163
     27451
     26446
     26080
     25815
     25093
     24950
     24641
     24686
     24432
     23864
     23773
     23638
     23962
     24258
     24352
     25315
     26721
     30650
     54099
     88933
     23776
     20704
     20506
     20110
     20038
     20129
     20482
     23406
     21342
     18924
     18723
     18668
     19141
     19219
     19330
     21641
     20280
     18609
     18860
     19635
     20094
     21235
     23182
     26643
     34414
     82339
    166221
     29579
     17444
     16701
     16388
     16290
     15813
     15698
     15282
     15928
     15665
     15488
     15451
     15190
     15474
     15172
     15343
     15179
     15261
     15895
     15954
     16289
     17045
     18505
     20764
     24407
     31207
     48973
    165353
    214287
     28696
     14882
     13670
     13354
     12879
     12889
     12763
     12757
     12705
     12560
     12490
     12576
     12704
     12740
     12835
     13032
     14525
     15321
     14163
     12914
     12859
     12894
     12668
     12894
     12929
     13113
     13751
     13210
     13095
     12989
     13084
     13218
     13077
     13016
     12922
     12578
     12492
     12026
     11560
     10666
     10163
     10009
      9865
      9675
      9598
      9140
      9323
      9047
      9002
      9144
      9286
      9966
      8870
      8721
      9206
      9133
      8363
      8252
      8707
      8585
      8275
      8361
      7995
      8243
      9451
      7820
      7646
      8848
      8357
      7025
      7051
      7039
      6782
      6741
      6776
      6737
      6711
      6714
      7061
      7936
      7614
      6691
      6444
      6412
      6306
      6201
      6329
      6429
      6223
      6320
      6462
      7007
      6544
      6435
      6267
      6186
      6586
      6225
      6134
      6122
      5935
      5903
      5968
      5938
      6006
      5902
      5882
      5941
      5941
      5931
      5754
      6207
      5999
      5992
      6131
      7432
      5992
      5828
      5693
      5774
      5661
      5946
      6300
      6854
      7562
      9018
     11205
     15102
     23642
     67390
    180412
     32721
      7093
      6164
      5552
      5015
      5023
      4891
      4978
      4893
      4777
      4811
      4886
      4555
      4666
      4680
      4630
      4420
      4561
      4426
      4434
      4374
      4413
      4462
      4406
      4524
      4695
      4982
      7121
      8498
      4497
      4161
      4285
      4291
      4175
      4125
      4221
      4163
      4367
      4162
      4094
      4206
      4156
      4030
      4155
      4270
      4461
      4737
      5843
      4521
      4211
      4337
      4323
      3996
      4145
      4091
      4921
      4982
      4262
      4087
      3991
      4023
      3947
      3972
      4051
      3833
      3934
      4177
      4859
      4216
      3870
      3741
      3844
      4113
      4119
      3816
      3907
      4179
      4397
      4858
      6681
     15672
     12614
      4138
      3838
      3844
      3906
      3873
      4028
      4422
      6302
      5571
      3875
      3741
      3776
      3747
      3771
      3844
      3903
      4128
      5318
      6731
      4086
      3641
      3674
      3861
      3720
      3734
      4037
      3987
      3757
      4063
      3933
      3724
      3739
      3886
      3982
      4873
      5001
      3873
      3723
      3833
      3816
      3841
      3644
      3701
      3735
      3818
      3694
      3685
      3675
      3605
      3766
      3794
      3837
      3864
      3756
      3850
      3848
      3963
      4066
      3849
      3840
      3929
      3917
      3887
      4066
      3880
      3951
      3897
      3991
      4111
      4023
      3835
      3900
      3875
      3640
      3577
      3525
      3469
      3367
      3531
      3576
      3716
      4004
      5002
      9803
      7153
      3600
      3390
      3459
      3231
      3206
      3274
      3093
      3125
      3131
      3083
      3120
      3272
      3373
      3558
      3796
      3212
      3165
      3114
      2921
      2979
      3040
      3039
      3013
      2995
      2956
      3036
      2943
      2927
      2913
      2983
      2872
      2897
      2880
      2892
      2858
      2785
      2739
      2806
      2745
      2896
      2772
      2799
      2789
      2690
      2802
      2719
      2714
      2582
      2637
      2724
      2567
      2564
      2558
      2554
      2539
      2496
      2602
      2648
      2886
      3057
      2605
      2495
      2525
      2520
      2490
      2527
      2517
      2594
      3045
      2567
      2391
      2339
      2411
      2381
      2345
      2400
      2384
      2401
      2363
      2295
      2450
      2450
      2369
      2409
      2538
      2789
      2757
      2576
      2752
      3196
      3488
      4399
      6872
     18391
     30024
      7410
      2779
      2552
      2492
      2479
      2698
      2829
      2447
      2438
      2404
      2433
      2397
      2390
      2503
      2531
      2906
      4237
      5135
      2723
      2313
      2298
      2342
      2169
      2254
      2129
      2126
      2275
      2129
      2193
      2308
      2538
      2520
      2192
      2047
      2065
      2063
      1985
      2001
      1958
      1926
      1998
      2009
      2124
      2459
      2619
      2057
      2023
      1921
      1961
      2082
      1966
      2010
      1923
      2102
      2156
      2299
      2531
      3068
      5005
     11194
      7311
      2255
      2028
      1961
      1947
      1969
      2160
      2343
      2143
      1841
      1862
      1870
      1809
      1829
      1840
      1901
      1893
      1946
      1998
      2004
      2601
      3976
      3125
      1930
      1830
      1764
      1796
      1731
      1670
      1728
      1764
      1670
      1892
      1825
      1696
      1750
      1693
      1749
      1727
      1705
      1819
      1683
      1675
      1707
      1771
      1743
      1755
      1734
      1740
      1686
      1782
      1648
      1672
      1745
      1696
      1655
      1615
      1738
      1669
      1647
      1702
      1639
      1684
      1758
      1723
      1832
      1852
      1906
      2163
      2761
      5058
      8195
      3501
      1933
      2421
      2848
      1895
      1666
      1719
      1773
      1839
      1998
      2597
      3712
      2947
      2653
      4602
      4206
      1921
      1743
      1696
      1723
      1630
      1718
      1723
      1828
      1817
      1735
      1647
      1591
      1748
      1620
      1700
      1654
      1625
      1657
      1613
      1643
      1651
      1656
      1696
      1702
      1685
      1805
      1740
      1722
      1674
      1680
      1703
      1737
      1714
      1671
      1699
      1805
      1734
      1740
      1798
      1764
      1727
      1755
      1845
      1791
      1819
      1878
      1958
      1886
      2045
      2660
      4234
      3972
      2050
      1846
      1789
      1815
      1756
      1802
      1774
      1784
      1815
      1801
      1844
      1820
      1899
      2166
      2172
      2055
      2006
      1667
      1485
      1397
      1364
      1353
      1365
      1252
      1281
      1369
      1292
      1206
      1275
      1260
      1248
      1320
      1263
      1275
      1304
      1445
      2008
      1859
      1297
      1175
      1273
      1280
      1446
      1413
      1410
      1444
      1136
      1152
      1122
      1195
      1105
      1038
      1087
      1023
      1093
      1033
       928
       942
       999
       948
       886
       919
       893
       870
       847
       882
       856
       837
       776
       797
       807
       797
       799
       871
       920
      1156
      1848
      1893
       892
       734
       680
       696
       721
       677
       717
       696
       653
       800
       908
       842
       695
       766
       930
       905
       789
       626
       574
       648
       628
       678
       660
       584
       617
       638
       659
       645
       706
       708
       789
      1015
      1653
      3307
      3878
      1217
       631
       642
       604
       600
       619
       597
       593
       625
       733
       733
       928
      1200
      1652
      2570
      5774
     14690
     15543
      3257
       834
       666
       622
       586
       591
       566
       540
       587
       556
       538
       520
       514
       556
       518
       515
       529
       478
       536
       508
       510
       506
       496
       532
       541
       518
       480
       526
       507
       459
       495
       547
       516
       516
       587
       671
       860
       899
       762
       932
      1604
      2795
      1724
       673
       533
       537
       526
       483
       504
       496
       523
       485
       540
       598
       665
       716
       502
       503
       502
       494
       527
       499
       524
       614
       558
       555
       678
       605
       510
       451
       454
       483
       468
       467
       492
       463
       462
       451
       491
       460
       462
       461
       514
       481
       459
       547
       596
       650
       590
       500
       469
       484
       483
       471
       466
       465
       492
       476
       444
       473
       475
       466
       470
       429
       482
       418
       420
       431
       427
       386
       385
       383
       379
       343
       358
       358
       327
       130
         0
